No	ai0
0	0.0002810210
1	0.0002806410
2	0.0002811775
3	0.0002808497
4	0.0002807975
5	0.0002805442
6	0.0002808795
7	0.0002809465
8	0.0002809465
9	0.0002811775
10	0.0002807938
11	0.0002809428
12	0.0002811328
13	0.0002808981
14	0.0002806336
15	0.0002806261
16	0.0002808497
17	0.0002812632
18	0.0002806448
19	0.0002806001
20	0.0002806597
21	0.0002807938
22	0.0002806001
23	0.0002805852
24	0.0002808534
25	0.0002813600
26	0.0002806485
27	0.0002807789
28	0.0002805405
29	0.0002807640
30	0.0002808757
31	0.0002805405
32	0.0002806373
33	0.0002805889
34	0.0002807416
35	0.0002807826
36	0.0002805703
37	0.0002807453
38	0.0002807453
39	0.0002804436
40	0.0002805665
41	0.0002804957
42	0.0002807565
43	0.0002801716
44	0.0002804063
45	0.0002806150
46	0.0002806522
47	0.0002806150
48	0.0002804771
49	0.0002802946
50	0.0002804659
51	0.0002805591
52	0.0002802685
53	0.0002804399
54	0.0002802797
55	0.0002802387
56	0.0002801866
57	0.0002803579
58	0.0002804771
59	0.0002804585
60	0.0002803728
61	0.0002804287
62	0.0002800599
63	0.0002803132
64	0.0002803356
65	0.0002801977
66	0.0002801009
67	0.0002801009
68	0.0002804473
69	0.0002802871
70	0.0002802126
71	0.0002800860
72	0.0002800562
73	0.0002802462
74	0.0002802760
75	0.0002803393
76	0.0002800413
77	0.0002801866
78	0.0002803393
79	0.0002800971
80	0.0002801567
81	0.0002802536
82	0.0002801381
83	0.0002801120
84	0.0002800264
85	0.0002800189
86	0.0002802275
87	0.0002800077
88	0.0002802238
89	0.0002798215
90	0.0002802648
91	0.0002802462
92	0.0002802536
93	0.0002800934
94	0.0002800338
95	0.0002800599
96	0.0002801195
97	0.0002798699
98	0.0002798364
99	0.0002801381
100	0.0002799779
101	0.0002798997
102	0.0002798662
103	0.0002801940
104	0.0002796352
105	0.0002801456
106	0.0002798177
107	0.0002798401
108	0.0002798401
109	0.0002798774
110	0.0002799854
111	0.0002800040
112	0.0002799258
113	0.0002798736
114	0.0002800971
115	0.0002798550
116	0.0002800338
117	0.0002798475
118	0.0002797768
119	0.0002796836
120	0.0002795421
121	0.0002800636
122	0.0002797693
123	0.0002796650
124	0.0002795905
125	0.0002798438
126	0.0002798960
127	0.0002797432
128	0.0002797432
129	0.0002797656
130	0.0002796613
131	0.0002798140
132	0.0002796799
133	0.0002795309
134	0.0002797097
135	0.0002796650
136	0.0002796985
137	0.0002796315
138	0.0002797134
139	0.0002795458
140	0.0002796874
141	0.0002796725
142	0.0002794415
143	0.0002795384
144	0.0002795570
145	0.0002795868
146	0.0002794676
147	0.0002797209
148	0.0002795160
149	0.0002796129
150	0.0002795682
151	0.0002794601
152	0.0002795868
153	0.0002795085
154	0.0002793409
155	0.0002794601
156	0.0002794527
157	0.0002794974
158	0.0002792962
159	0.0002794117
160	0.0002793409
161	0.0002792217
162	0.0002793968
163	0.0002794117
164	0.0002793595
165	0.0002795905
166	0.0002794229
167	0.0002794936
168	0.0002795533
169	0.0002795495
170	0.0002796762
171	0.0002793670
172	0.0002794825
173	0.0002793186
174	0.0002794601
175	0.0002794601
176	0.0002793148
177	0.0002794080
178	0.0002794899
179	0.0002792850
180	0.0002790801
181	0.0002795272
182	0.0002793260
183	0.0002791472
184	0.0002792590
185	0.0002793931
186	0.0002793372
187	0.0002790503
188	0.0002793484
189	0.0002791956
190	0.0002793670
191	0.0002791248
192	0.0002791323
193	0.0002792925
194	0.0002790913
195	0.0002790913
196	0.0002792254
197	0.0002790466
198	0.0002784394
199	0.0002790764
200	0.0002791770
201	0.0002793037
202	0.0002792664
203	0.0002790988
204	0.0002791844
205	0.0002790988
206	0.0002790466
207	0.0002789907
208	0.0002790876
209	0.0002791099
210	0.0002790503
211	0.0002793111
212	0.0002788529
213	0.0002790839
214	0.0002789833
215	0.0002790354
216	0.0002789684
217	0.0002792105
218	0.0002789982
219	0.0002788678
220	0.0002790429
221	0.0002790466
222	0.0002788045
223	0.0002789833
224	0.0002788752
225	0.0002789349
226	0.0002788045
227	0.0002789386
228	0.0002789125
229	0.0002786592
230	0.0002788790
231	0.0002790429
232	0.0002788678
233	0.0002787672
234	0.0002787598
235	0.0002789758
236	0.0002788380
237	0.0002789535
238	0.0002787374
239	0.0002787076
240	0.0002788119
241	0.0002788976
242	0.0002787523
243	0.0002788641
244	0.0002788156
245	0.0002789498
246	0.0002791025
247	0.0002791174
248	0.0002864264
249	0.0002854169
250	0.0002841354
251	0.0002822615
252	0.0002819635
253	0.0002966337
254	0.0002795868
255	0.0002785549
256	0.0002786927
257	0.0002784990
258	0.0002787449
259	0.0002785213
260	0.0002785251
261	0.0002786666
262	0.0002786890
263	0.0002785437
264	0.0002786145
265	0.0002785213
266	0.0002783127
267	0.0002783276
268	0.0002781265
269	0.0002756827
270	0.0002710149
271	0.0002676658
272	0.0002610684
273	0.0002608039
274	0.0002606176
275	0.0002607480
276	0.0002606921
277	0.0002605990
278	0.0002605766
279	0.0002607182
280	0.0002606809
281	0.0002604909
282	0.0002606362
283	0.0002607517
284	0.0002604574
285	0.0002607107
286	0.0002607033
287	0.0002608039
288	0.0002606251
289	0.0002606064
290	0.0002606362
291	0.0002605096
292	0.0002604686
293	0.0002605207
294	0.0002605543
295	0.0002605133
296	0.0002605394
297	0.0002605952
298	0.0002608039
299	0.0002604872
300	0.0002605133
301	0.0002605058
302	0.0002604611
303	0.0002604835
304	0.0002605617
305	0.0002605170
306	0.0002605729
307	0.0002603866
308	0.0002605431
309	0.0002605729
310	0.0002632998
311	0.0002610870
312	0.0002636910
313	0.0002634451
314	0.0002668575
315	0.0002764538
316	0.0002786182
317	0.0002776459
318	0.0002782792
319	0.0002771430
320	0.0002763719
321	0.0002756715
322	0.0002768487
323	0.0002774261
324	0.0002786704
325	0.0002814718
326	0.0002780371
327	0.0002768450
328	0.0002782680
329	0.0002782159
330	0.0002785064
331	0.0002763942
332	0.0002767481
333	0.0002780706
334	0.0002772212
335	0.0002785139
336	0.0002780482
337	0.0002786033
338	0.0002778247
339	0.0002784208
340	0.0002776943
341	0.0002772063
342	0.0002789796
343	0.0002773553
344	0.0002744831
345	0.0002755262
346	0.0002783314
347	0.0002775304
348	0.0002791844
349	0.0002752878
350	0.0002768822
351	0.0002802164
352	0.0002776124
353	0.0002765618
354	0.0002784804
355	0.0002767518
356	0.0002801083
357	0.0002775937
358	0.0002775416
359	0.0002786070
360	0.0002788231
361	0.0002785735
362	0.0002748743
363	0.0002768226
364	0.0002792925
365	0.0002777130
366	0.0002791844
367	0.0002790876
368	0.0002777949
369	0.0002784915
370	0.0002750382
371	0.0002754629
372	0.0002744869
373	0.0002750382
374	0.0002763495
375	0.0002759956
376	0.0002768487
377	0.0002805777
378	0.0002742186
379	0.0002760552
380	0.0002757423
381	0.0002750606
382	0.0002787672
383	0.0002777837
384	0.0002772845
385	0.0002785027
386	0.0002735332
387	0.0002739839
388	0.0002750978
389	0.0002736859
390	0.0002752654
391	0.0002763681
392	0.0002753660
393	0.0002773106
394	0.0002764873
395	0.0002762266
396	0.0002776832
397	0.0002761185
398	0.0002729409
399	0.0002789088
400	0.0002743341
401	0.0002745167
402	0.0002764948
403	0.0002765022
404	0.0002772771
405	0.0002762638
406	0.0002756901
407	0.0002743118
408	0.0002747737
409	0.0002772845
410	0.0002766028
411	0.0002753139
412	0.0002764538
413	0.0002751686
414	0.0002761781
415	0.0002776720
416	0.0002751164
417	0.0002749786
418	0.0002763048
419	0.0002749600
420	0.0002763756
421	0.0002765134
422	0.0002746657
423	0.0002751909
424	0.0002772398
425	0.0002783872
426	0.0002727471
427	0.0002766140
428	0.0002758578
429	0.0002756864
430	0.0002767779
431	0.0002759360
432	0.0002742410
433	0.0002758503
434	0.0002749339
435	0.0002739839
436	0.0002742596
437	0.0002744384
438	0.0002773851
439	0.0002770573
440	0.0002748482
441	0.0002755448
442	0.0002745129
443	0.0002764203
444	0.0002775341
445	0.0002759434
446	0.0002737902
447	0.0002751351
448	0.0002759583
449	0.0002751574
450	0.0002759472
451	0.0002745651
452	0.0002742671
453	0.0002749600
454	0.0002742745
455	0.0002755076
456	0.0002738238
457	0.0002756044
458	0.0002747066
459	0.0002734922
460	0.0002744682
461	0.0002749153
462	0.0002762787
463	0.0002736040
464	0.0002733097
465	0.0002756752
466	0.0002771542
467	0.0002758987
468	0.0002745055
469	0.0002744794
470	0.0002744235
471	0.0002754219
472	0.0002746247
473	0.0002753809
474	0.0002729744
475	0.0002729036
476	0.0002738573
477	0.0002748445
478	0.0002725311
479	0.0002752617
480	0.0002754219
481	0.0002738722
482	0.0002746992
483	0.0002748557
484	0.0002728552
485	0.0002731979
486	0.0002746433
487	0.0002743825
488	0.0002742484
489	0.0002744124
490	0.0002752841
491	0.0002738014
492	0.0002722927
493	0.0002737679
494	0.0002748631
495	0.0002754256
496	0.0002728738
497	0.0002735034
498	0.0002737381
499	0.0002751313
500	0.0002741292
501	0.0002743043
502	0.0002734214
503	0.0002735816
504	0.0002750345
505	0.0002727918
506	0.0002735034
507	0.0002726428
508	0.0002742969
509	0.0002749376
510	0.0002742931
511	0.0002737157
512	0.0002723895
513	0.0002719760
514	0.0002750941
515	0.0002731234
516	0.0002727620
517	0.0002736040
518	0.0002719388
519	0.0002720803
520	0.0002731644
521	0.0002723113
522	0.0002748035
523	0.0002728254
524	0.0002748072
525	0.0002727769
526	0.0002731048
527	0.0002740547
528	0.0002751462
529	0.0002746657
530	0.0002732687
531	0.0002737157
532	0.0002721138
533	0.0002721436
534	0.0002727881
535	0.0002749153
536	0.0002722405
537	0.0002712570
538	0.0002731718
539	0.0002733432
540	0.0002734028
541	0.0002724342
542	0.0002735444
543	0.0002741590
544	0.0002743490
545	0.0002736226
546	0.0002746917
547	0.0002734400
548	0.0002738983
549	0.0002722554
550	0.0002740026
551	0.0002734885
552	0.0002719723
553	0.0002719537
554	0.0002722517
555	0.0002721511
556	0.0002721027
557	0.0002727546
558	0.0002734848
559	0.0002728999
560	0.0002719313
561	0.0002748035
562	0.0002731458
563	0.0002723113
564	0.0002716594
565	0.0002726913
566	0.0002743155
567	0.0002730191
568	0.0002739132
569	0.0002735742
570	0.0002723187
571	0.0002739243
572	0.0002722442
573	0.0002728440
574	0.0002740137
575	0.0002740622
576	0.0002721623
577	0.0002714694
578	0.0002729669
579	0.0002731420
580	0.0002730005
581	0.0002740435
582	0.0002721884
583	0.0002725050
584	0.0002718568
585	0.0002718680
586	0.0002718270
587	0.0002714321
588	0.0002714209
589	0.0002724528
590	0.0002735742
591	0.0002721436
592	0.0002722442
593	0.0002719090
594	0.0002728291
595	0.0002722852
596	0.0002713688
597	0.0002717078
598	0.0002722480
599	0.0002733842
600	0.0002718307
601	0.0002719648
602	0.0002719574
603	0.0002722889
604	0.0002723970
605	0.0002723336
606	0.0002714507
607	0.0002716519
608	0.0002704337
609	0.0002726019
610	0.0002736561
611	0.0002719797
612	0.0002718866
613	0.0002734326
614	0.0002729818
615	0.0002729260
616	0.0002731793
617	0.0002719574
618	0.0002715215
619	0.0002715402
620	0.0002719015
621	0.0002716370
622	0.0002726317
623	0.0002722815
624	0.0002722033
625	0.0002720654
626	0.0002716519
627	0.0002716556
628	0.0002706386
629	0.0002718195
630	0.0002709255
631	0.0002718531
632	0.0002726019
633	0.0002715364
634	0.0002706535
635	0.0002706424
636	0.0002727136
637	0.0002721064
638	0.0002720989
639	0.0002708137
640	0.0002722182
641	0.0002715513
642	0.0002712496
643	0.0002710894
644	0.0002712719
645	0.0002715103
646	0.0002709478
647	0.0002721287
648	0.0002715215
649	0.0002719835
650	0.0002715513
651	0.0002704002
652	0.0002718792
653	0.0002699718
654	0.0002726801
655	0.0002718717
656	0.0002723523
657	0.0002709143
658	0.0002712086
659	0.0002716445
660	0.0002722107
661	0.0002724193
662	0.0002722070
663	0.0002723783
664	0.0002703928
665	0.0002706237
666	0.0002705716
667	0.0002713576
668	0.0002715513
669	0.0002713837
670	0.0002708025
671	0.0002715476
672	0.0002712682
673	0.0002706200
674	0.0002719499
675	0.0002707467
676	0.0002711974
677	0.0002706535
678	0.0002716519
679	0.0002719872
680	0.0002708994
681	0.0002710000
682	0.0002708808
683	0.0002698936
684	0.0002712682
685	0.0002716184
686	0.0002715290
687	0.0002707057
688	0.0002709665
689	0.0002714433
690	0.0002708733
691	0.0002714619
692	0.0002711155
693	0.0002699383
694	0.0002709851
695	0.0002705194
696	0.0002705492
697	0.0002695657
698	0.0002706871
699	0.0002703443
700	0.0002703630
701	0.0002705828
702	0.0002710745
703	0.0002711974
704	0.0002712570
705	0.0002701879
706	0.0002713092
707	0.0002712757
708	0.0002707280
709	0.0002706573
710	0.0002695993
711	0.0002709665
712	0.0002708957
713	0.0002711080
714	0.0002707057
715	0.0002719760
716	0.0002714023
717	0.0002700538
718	0.0002710968
719	0.0002706759
720	0.0002708323
721	0.0002705120
722	0.0002704002
723	0.0002713241
724	0.0002701692
725	0.0002711453
726	0.0002701692
727	0.0002712123
728	0.0002710670
729	0.0002713949
730	0.0002706200
731	0.0002710112
732	0.0002708920
733	0.0002700910
734	0.0002698377
735	0.0002702587
736	0.0002710149
737	0.0002711527
738	0.0002703928
739	0.0002701394
740	0.0002696999
741	0.0002701506
742	0.0002704561
743	0.0002701543
744	0.0002705380
745	0.0002699867
746	0.0002708621
747	0.0002709404
748	0.0002700947
749	0.0002708621
750	0.0002714619
751	0.0002710186
752	0.0002705082
753	0.0002703928
754	0.0002700128
755	0.0002694316
756	0.0002694130
757	0.0002704151
758	0.0002699122
759	0.0002706237
760	0.0002695918
761	0.0002697967
762	0.0002706126
763	0.0002696850
764	0.0002700426
765	0.0002695844
766	0.0002706647
767	0.0002706833
768	0.0002692416
769	0.0002691969
770	0.0002703034
771	0.0002697148
772	0.0002705380
773	0.0002704263
774	0.0002712943
775	0.0002697483
776	0.0002701394
777	0.0002702028
778	0.0002705269
779	0.0002696067
780	0.0002698600
781	0.0002698973
782	0.0002694540
783	0.0002702214
784	0.0002705790
785	0.0002702475
786	0.0002701096
787	0.0002697110
788	0.0002695620
789	0.0002706982
790	0.0002696328
791	0.0002713874
792	0.0002697781
793	0.0002701245
794	0.0002693422
795	0.0002699495
796	0.0002697930
797	0.0002693832
798	0.0002689436
799	0.0002688691
800	0.0002702214
801	0.0002700873
802	0.0002705231
803	0.0002696477
804	0.0002700947
805	0.0002692193
806	0.0002698302
807	0.0002687350
808	0.0002689846
809	0.0002697036
810	0.0002695359
811	0.0002696328
812	0.0002692118
813	0.0002699718
814	0.0002694950
815	0.0002693273
816	0.0002695210
817	0.0002700091
818	0.0002691709
819	0.0002697557
820	0.0002691522
821	0.0002707318
822	0.0002699979
823	0.0002695061
824	0.0002692230
825	0.0002691187
826	0.0002699085
827	0.0002691038
828	0.0002694726
829	0.0002695508
830	0.0002693795
831	0.0002684444
832	0.0002688654
833	0.0002694726
834	0.0002690964
835	0.0002691485
836	0.0002698191
837	0.0002699085
838	0.0002684891
839	0.0002693981
840	0.0002693348
841	0.0002689324
842	0.0002689883
843	0.0002691001
844	0.0002694354
845	0.0002694652
846	0.0002684109
847	0.0002690368
848	0.0002694838
849	0.0002690517
850	0.0002696663
851	0.0002691038
852	0.0002695024
853	0.0002687872
854	0.0002690181
855	0.0002687872
856	0.0002690554
857	0.0002692305
858	0.0002694540
859	0.0002688728
860	0.0002695210
861	0.0002684742
862	0.0002689064
863	0.0002689660
864	0.0002683774
865	0.0002690554
866	0.0002690107
867	0.0002691709
868	0.0002689734
869	0.0002688021
870	0.0002691783
871	0.0002689026
872	0.0002701208
873	0.0002695993
874	0.0002688766
875	0.0002698600
876	0.0002678149
877	0.0002686382
878	0.0002686419
879	0.0002691709
880	0.0002693869
881	0.0002683178
882	0.0002693311
883	0.0002697446
884	0.0002691075
885	0.0002683476
886	0.0002686940
887	0.0002697036
888	0.0002692007
889	0.0002689213
890	0.0002686009
891	0.0002690479
892	0.0002700612
893	0.0002688542
894	0.0002677255
895	0.0002684444
896	0.0002691262
897	0.0002690032
898	0.0002679080
899	0.0002683550
900	0.0002684817
901	0.0002690330
902	0.0002674870
903	0.0002669245
904	0.0002694763
905	0.0002709888
906	0.0002666973
907	0.0002686456
908	0.0002681092
909	0.0002671927
910	0.0002708882
911	0.0002682731
912	0.0002680905
913	0.0002671071
914	0.0002673939
915	0.0002670586
916	0.0002675466
917	0.0002683625
918	0.0002682507
919	0.0002678521
920	0.0002680160
921	0.0002679266
922	0.0002677739
923	0.0002679043
924	0.0002681576
925	0.0002681241
926	0.0002678037
927	0.0002678149
928	0.0002675131
929	0.0002678670
930	0.0002678894
931	0.0002678260
932	0.0002676658
933	0.0002676770
934	0.0002676808
935	0.0002678745
936	0.0002676100
937	0.0002677776
938	0.0002678186
939	0.0002677925
940	0.0002677031
941	0.0002676957
942	0.0002675019
943	0.0002677515
944	0.0002677776
945	0.0002677180
946	0.0002675988
947	0.0002675802
948	0.0002676249
949	0.0002677888
950	0.0002676919
951	0.0002676435
952	0.0002676137
953	0.0002677106
954	0.0002676621
955	0.0002676658
956	0.0002675131
957	0.0002675243
958	0.0002676584
959	0.0002676323
960	0.0002676211
961	0.0002675764
962	0.0002675392
963	0.0002676100
964	0.0002675913
965	0.0002675913
966	0.0002675466
967	0.0002674796
968	0.0002675913
969	0.0002676025
970	0.0002674423
971	0.0002675913
972	0.0002674908
973	0.0002675243
974	0.0002675280
975	0.0002674535
976	0.0002675243
977	0.0002673753
978	0.0002673939
979	0.0002675764
980	0.0002673306
981	0.0002674125
982	0.0002674908
983	0.0002674312
984	0.0002674982
985	0.0002673678
986	0.0002674647
987	0.0002674498
988	0.0002674908
989	0.0002673380
990	0.0002673567
991	0.0002671965
992	0.0002674870
993	0.0002674610
994	0.0002673306
995	0.0002674163
996	0.0002673119
997	0.0002673455
998	0.0002673417
999	0.0002673641
1000	0.0002673194
1001	0.0002672076
1002	0.0002671518
1003	0.0002672598
1004	0.0002672263
1005	0.0002672784
1006	0.0002672114
1007	0.0002672263
1008	0.0002672225
1009	0.0002672598
1010	0.0002671331
1011	0.0002672672
1012	0.0002673529
1013	0.0002672076
1014	0.0002671890
1015	0.0002671704
1016	0.0002672114
1017	0.0002672561
1018	0.0002672412
1019	0.0002671369
1020	0.0002672486
1021	0.0002670661
1022	0.0002672747
1023	0.0002672896
1024	0.0002671927
1025	0.0002671369
1026	0.0002672225
1027	0.0002672859
1028	0.0002672002
1029	0.0002671220
1030	0.0002671406
1031	0.0002671145
1032	0.0002671965
1033	0.0002671629
1034	0.0002670065
1035	0.0002669469
1036	0.0002671257
1037	0.0002671927
1038	0.0002669618
1039	0.0002670363
1040	0.0002670214
1041	0.0002670586
1042	0.0002671443
1043	0.0002670102
1044	0.0002670102
1045	0.0002669692
1046	0.0002669841
1047	0.0002671331
1048	0.0002669692
1049	0.0002669953
1050	0.0002669841
1051	0.0002669804
1052	0.0002670065
1053	0.0002668873
1054	0.0002666824
1055	0.0002670288
1056	0.0002669059
1057	0.0002668835
1058	0.0002669469
1059	0.0002669431
1060	0.0002668463
1061	0.0002671220
1062	0.0002669916
1063	0.0002669133
1064	0.0002668314
1065	0.0002669878
1066	0.0002669804
1067	0.0002667084
1068	0.0002669841
1069	0.0002668537
1070	0.0002669096
1071	0.0002667420
1072	0.0002667867
1073	0.0002669543
1074	0.0002670214
1075	0.0002669804
1076	0.0002665818
1077	0.0002670437
1078	0.0002668500
1079	0.0002668053
1080	0.0002669320
1081	0.0002669431
1082	0.0002667383
1083	0.0002667941
1084	0.0002668202
1085	0.0002668612
1086	0.0002669431
1087	0.0002668239
1088	0.0002667979
1089	0.0002668463
1090	0.0002667755
1091	0.0002666824
1092	0.0002667494
1093	0.0002668090
1094	0.0002667457
1095	0.0002668351
1096	0.0002667792
1097	0.0002666637
1098	0.0002666898
1099	0.0002667532
1100	0.0002667755
1101	0.0002667606
1102	0.0002667308
1103	0.0002667047
1104	0.0002665594
1105	0.0002667084
1106	0.0002667681
1107	0.0002667532
1108	0.0002666712
1109	0.0002665334
1110	0.0002666116
1111	0.0002666004
1112	0.0002665334
1113	0.0002667308
1114	0.0002666637
1115	0.0002668537
1116	0.0002665445
1117	0.0002666377
1118	0.0002666526
1119	0.0002667345
1120	0.0002664887
1121	0.0002666041
1122	0.0002665110
1123	0.0002664775
1124	0.0002666786
1125	0.0002666265
1126	0.0002665632
1127	0.0002665781
1128	0.0002664849
1129	0.0002665557
1130	0.0002666004
1131	0.0002666079
1132	0.0002666041
1133	0.0002666116
1134	0.0002665706
1135	0.0002664812
1136	0.0002664663
1137	0.0002664924
1138	0.0002664179
1139	0.0002665185
1140	0.0002665632
1141	0.0002664849
1142	0.0002664067
1143	0.0002663993
1144	0.0002665110
1145	0.0002665892
1146	0.0002665371
1147	0.0002664030
1148	0.0002663732
1149	0.0002664477
1150	0.0002664179
1151	0.0002664440
1152	0.0002663769
1153	0.0002663545
1154	0.0002663471
1155	0.0002663620
1156	0.0002663508
1157	0.0002664179
1158	0.0002662279
1159	0.0002664514
1160	0.0002663471
1161	0.0002664179
1162	0.0002663732
1163	0.0002663098
1164	0.0002663657
1165	0.0002663136
1166	0.0002664216
1167	0.0002661869
1168	0.0002663210
1169	0.0002663620
1170	0.0002662800
1171	0.0002663993
1172	0.0002663508
1173	0.0002663881
1174	0.0002661273
1175	0.0002661906
1176	0.0002662242
1177	0.0002662540
1178	0.0002663322
1179	0.0002662540
1180	0.0002662912
1181	0.0002662167
1182	0.0002661534
1183	0.0002662875
1184	0.0002661422
1185	0.0002662353
1186	0.0002662614
1187	0.0002661497
1188	0.0002661906
1189	0.0002662018
1190	0.0002661720
1191	0.0002660938
1192	0.0002662353
1193	0.0002662987
1194	0.0002664775
1195	0.0002661534
1196	0.0002663545
1197	0.0002660565
1198	0.0002661981
1199	0.0002660491
1200	0.0002661348
1201	0.0002660602
1202	0.0002658740
1203	0.0002660863
1204	0.0002661385
1205	0.0002661161
1206	0.0002660006
1207	0.0002661199
1208	0.0002661906
1209	0.0002661571
1210	0.0002660602
1211	0.0002660006
1212	0.0002659857
1213	0.0002661646
1214	0.0002661832
1215	0.0002660044
1216	0.0002659671
1217	0.0002661199
1218	0.0002659820
1219	0.0002660640
1220	0.0002658665
1221	0.0002658814
1222	0.0002659895
1223	0.0002660118
1224	0.0002658777
1225	0.0002658628
1226	0.0002660230
1227	0.0002659783
1228	0.0002660714
1229	0.0002658405
