No	ai0
0	0.0001558028
1	0.0001556352
2	0.0001557097
3	0.0001556985
4	0.0001558103
5	0.0001557432
6	0.0001558662
7	0.0001557656
8	0.0001557171
9	0.0001557954
10	0.0001556054
11	0.0001557916
12	0.0001557469
13	0.0001556426
14	0.0001556762
15	0.0001557544
16	0.0001558103
17	0.0001557581
18	0.0001556762
19	0.0001556799
20	0.0001556985
21	0.0001556985
22	0.0001556873
23	0.0001557581
24	0.0001557097
25	0.0001557171
26	0.0001557209
27	0.0001555942
28	0.0001557805
29	0.0001559369
30	0.0001557358
31	0.0001556613
32	0.0001558103
33	0.0001557656
34	0.0001556724
35	0.0001556426
36	0.0001558513
37	0.0001556315
38	0.0001556426
39	0.0001558550
40	0.0001557693
41	0.0001556911
42	0.0001557283
43	0.0001557060
44	0.0001557171
45	0.0001558103
46	0.0001557097
47	0.0001557060
48	0.0001557283
49	0.0001557693
50	0.0001558252
51	0.0001557730
52	0.0001556575
53	0.0001557954
54	0.0001558401
55	0.0001557805
56	0.0001557358
57	0.0001557767
58	0.0001557618
59	0.0001557060
60	0.0001556724
61	0.0001556501
62	0.0001557134
63	0.0001557916
64	0.0001558624
65	0.0001556464
66	0.0001557432
67	0.0001556724
68	0.0001557469
69	0.0001556836
70	0.0001557134
71	0.0001557209
72	0.0001557432
73	0.0001557916
74	0.0001556873
75	0.0001557767
76	0.0001562424
77	0.0001556128
78	0.0001555644
79	0.0001556128
80	0.0001557730
81	0.0001556687
82	0.0001558066
83	0.0001555234
84	0.0001557544
85	0.0001556650
86	0.0001557283
87	0.0001556352
88	0.0001557395
89	0.0001557581
90	0.0001557209
91	0.0001557358
92	0.0001556687
93	0.0001558624
94	0.0001557581
95	0.0001557171
96	0.0001557954
97	0.0001556538
98	0.0001557544
99	0.0001556762
100	0.0001556575
101	0.0001557209
102	0.0001558326
103	0.0001557022
104	0.0001558364
105	0.0001557507
106	0.0001558215
107	0.0001557283
108	0.0001556948
109	0.0001557060
110	0.0001557209
111	0.0001556873
112	0.0001558475
113	0.0001557060
114	0.0001555793
115	0.0001557693
116	0.0001556203
117	0.0001557618
118	0.0001556203
119	0.0001557171
120	0.0001557358
121	0.0001557171
122	0.0001557656
123	0.0001557581
124	0.0001557395
125	0.0001557395
126	0.0001558364
127	0.0001557060
128	0.0001556911
129	0.0001556873
130	0.0001556054
131	0.0001558550
132	0.0001557209
133	0.0001557954
134	0.0001557171
135	0.0001557320
136	0.0001557395
137	0.0001557246
138	0.0001557544
139	0.0001556501
140	0.0001557581
141	0.0001556575
142	0.0001557581
143	0.0001556426
144	0.0001558587
145	0.0001557730
146	0.0001558140
147	0.0001556203
148	0.0001556501
149	0.0001557767
150	0.0001556464
151	0.0001557320
152	0.0001557879
153	0.0001556985
154	0.0001556128
155	0.0001556240
156	0.0001556911
157	0.0001556911
158	0.0001556650
159	0.0001557060
160	0.0001557507
161	0.0001556650
162	0.0001557358
163	0.0001557544
164	0.0001556911
165	0.0001556277
166	0.0001556575
167	0.0001556873
168	0.0001556687
169	0.0001557879
170	0.0001557693
171	0.0001557767
172	0.0001557581
173	0.0001556948
174	0.0001555793
175	0.0001557656
176	0.0001557246
177	0.0001556948
178	0.0001556985
179	0.0001558215
180	0.0001558475
181	0.0001557991
182	0.0001557134
183	0.0001557842
184	0.0001557507
185	0.0001556575
186	0.0001557954
187	0.0001557171
188	0.0001556464
189	0.0001556464
190	0.0001557469
191	0.0001557358
192	0.0001557693
193	0.0001557842
194	0.0001556873
195	0.0001557544
196	0.0001557507
197	0.0001556464
198	0.0001557879
199	0.0001557283
200	0.0001557842
201	0.0001557246
202	0.0001557544
203	0.0001556650
204	0.0001558028
205	0.0001556724
206	0.0001557954
207	0.0001557060
208	0.0001557395
209	0.0001557097
210	0.0001557320
211	0.0001556948
212	0.0001557395
213	0.0001556948
214	0.0001557432
215	0.0001556128
216	0.0001557283
217	0.0001557879
218	0.0001556911
219	0.0001556091
220	0.0001557320
221	0.0001556836
222	0.0001556836
223	0.0001557246
224	0.0001556128
225	0.0001557507
226	0.0001558103
227	0.0001558364
228	0.0001557507
229	0.0001555979
230	0.0001558028
231	0.0001557656
232	0.0001557693
233	0.0001557544
234	0.0001556575
235	0.0001556762
236	0.0001555756
237	0.0001557320
238	0.0001558475
239	0.0001557693
240	0.0001557842
241	0.0001557581
242	0.0001557991
243	0.0001557618
244	0.0001557246
245	0.0001556017
246	0.0001556315
247	0.0001557171
248	0.0001556650
249	0.0001555942
250	0.0001557581
251	0.0001557842
252	0.0001558066
253	0.0001556501
254	0.0001557730
255	0.0001556277
256	0.0001557134
257	0.0001557618
258	0.0001557171
259	0.0001557507
260	0.0001557767
261	0.0001556873
262	0.0001557469
263	0.0001556985
264	0.0001558028
265	0.0001556389
266	0.0001556575
267	0.0001556426
268	0.0001557320
269	0.0001557022
270	0.0001557842
271	0.0001557656
272	0.0001557469
273	0.0001558028
274	0.0001557693
275	0.0001557395
276	0.0001556873
277	0.0001558140
278	0.0001557171
279	0.0001557320
280	0.0001558028
281	0.0001556948
282	0.0001557283
283	0.0001557581
284	0.0001557693
285	0.0001587607
286	0.0001607575
287	0.0001609549
288	0.0001613423
289	0.0001613721
290	0.0001613535
291	0.0001613163
292	0.0001613423
293	0.0001613945
294	0.0001613759
295	0.0001612939
296	0.0001612753
297	0.0001613833
298	0.0001612939
299	0.0001613274
300	0.0001613014
301	0.0001613833
302	0.0001614541
303	0.0001613610
304	0.0001613945
305	0.0001613870
306	0.0001614988
307	0.0001613014
308	0.0001613982
309	0.0001612529
310	0.0001613759
311	0.0001612567
312	0.0001612231
313	0.0001616404
314	0.0001610667
315	0.0001612045
316	0.0001612641
317	0.0001612380
318	0.0001614876
319	0.0001612231
320	0.0001613014
321	0.0001613908
322	0.0001612790
323	0.0001612343
324	0.0001614429
325	0.0001612604
326	0.0001612827
327	0.0001612716
328	0.0001612380
329	0.0001613386
330	0.0001613572
331	0.0001612939
332	0.0001612902
333	0.0001613349
334	0.0001613535
335	0.0001612902
336	0.0001614094
337	0.0001613982
338	0.0001613498
339	0.0001614094
340	0.0001613014
341	0.0001613088
342	0.0001613945
343	0.0001613572
344	0.0001613014
345	0.0001613088
346	0.0001612790
347	0.0001613200
348	0.0001614355
349	0.0001614876
350	0.0001613535
351	0.0001612343
352	0.0001613982
353	0.0001613349
354	0.0001613721
355	0.0001612976
356	0.0001613200
357	0.0001612157
358	0.0001612790
359	0.0001614429
360	0.0001613647
361	0.0001614168
362	0.0001612455
363	0.0001614094
364	0.0001612417
365	0.0001614541
366	0.0001612865
367	0.0001612976
368	0.0001614317
369	0.0001622215
370	0.0001615547
371	0.0001613535
372	0.0001614243
373	0.0001612641
374	0.0001614057
375	0.0001614206
376	0.0001613423
377	0.0001613200
378	0.0001612939
379	0.0001613163
380	0.0001612865
381	0.0001613312
382	0.0001612902
383	0.0001614019
384	0.0001613423
385	0.0001613051
386	0.0001612529
387	0.0001613163
388	0.0001613870
389	0.0001612976
390	0.0001612902
391	0.0001611896
392	0.0001613572
393	0.0001614243
394	0.0001612827
395	0.0001613014
396	0.0001613535
397	0.0001615286
398	0.0001611933
399	0.0001612417
400	0.0001613237
401	0.0001612790
402	0.0001611859
403	0.0001613610
404	0.0001613572
405	0.0001612417
406	0.0001611970
407	0.0001613833
408	0.0001613870
409	0.0001612716
410	0.0001613237
411	0.0001611598
412	0.0001612902
413	0.0001613125
414	0.0001612976
415	0.0001613051
416	0.0001613274
417	0.0001613535
418	0.0001613684
419	0.0001612455
420	0.0001611970
421	0.0001612865
422	0.0001612641
423	0.0001612753
424	0.0001613088
425	0.0001613014
426	0.0001613349
427	0.0001612678
428	0.0001612380
429	0.0001612567
430	0.0001612604
431	0.0001612753
432	0.0001613051
433	0.0001612753
434	0.0001612641
435	0.0001611859
436	0.0001613498
437	0.0001613274
438	0.0001613721
439	0.0001614168
440	0.0001611933
441	0.0001613051
442	0.0001612753
443	0.0001613982
444	0.0001613423
445	0.0001613945
446	0.0001613908
447	0.0001613349
448	0.0001613349
449	0.0001613349
450	0.0001613125
451	0.0001612604
452	0.0001613721
453	0.0001612306
454	0.0001611821
455	0.0001613088
456	0.0001612008
457	0.0001613163
458	0.0001612343
459	0.0001612641
460	0.0001612380
461	0.0001613312
462	0.0001612231
463	0.0001613423
464	0.0001613535
465	0.0001612753
466	0.0001612157
467	0.0001612865
468	0.0001613572
469	0.0001612417
470	0.0001613163
471	0.0001612119
472	0.0001613423
473	0.0001613312
474	0.0001613982
475	0.0001611747
476	0.0001613237
477	0.0001612380
478	0.0001612268
479	0.0001612343
480	0.0001612827
481	0.0001612939
482	0.0001612604
483	0.0001612567
484	0.0001612678
485	0.0001613051
486	0.0001612380
487	0.0001613945
488	0.0001613498
489	0.0001612790
490	0.0001612567
491	0.0001612567
492	0.0001612045
493	0.0001612194
494	0.0001613572
495	0.0001612716
496	0.0001613759
497	0.0001614131
498	0.0001612567
499	0.0001614429
500	0.0001613423
501	0.0001613274
502	0.0001612641
503	0.0001613163
504	0.0001613423
505	0.0001614019
506	0.0001612567
507	0.0001613312
508	0.0001612865
509	0.0001613498
510	0.0001613014
511	0.0001615100
512	0.0001615957
513	0.0001613833
514	0.0001613498
515	0.0001612492
516	0.0001612529
517	0.0001613945
518	0.0001613610
519	0.0001612976
520	0.0001613088
521	0.0001613461
522	0.0001612976
523	0.0001612976
524	0.0001614019
525	0.0001613423
526	0.0001611933
527	0.0001612119
528	0.0001613237
529	0.0001613163
530	0.0001613610
531	0.0001613163
532	0.0001612343
533	0.0001612939
534	0.0001612678
535	0.0001612865
536	0.0001612604
537	0.0001613759
538	0.0001612455
539	0.0001612231
540	0.0001612417
541	0.0001613088
542	0.0001613498
543	0.0001613051
544	0.0001613051
545	0.0001614019
547	0.0001613274
548	0.0001611970
549	0.0001612865
550	0.0001612157
551	0.0001612157
